5259
41410
6155
43880
23719
51400
27783
61796
17576
30728
7500
24820
12904
64922
58808
29494
25499
52423
30485
54084
50419
31820
48248
34117
37604
3874
5996
3190
1715
477
21929
45141
29832
25548
41505
18568
33570
35404
63478
42631
6455
21268
5042
43547
24724
5976
43402
52312
51362
21062
56802
55806
19204
308
60120
15639
47623
8129
16814
33622
33661
36307
50367
22172
55318
42372
21834
21597
26887
52109
31571
45688
6340
6681
29768
27124
53541
46145
14858
21746
50863
25621
53031
53909
28481
28206
14641
50298
22297
22688
28375
9054
23461
6194
12241
44653
3249
18866
18424
61500
33749
61225
24691
47192
46247
31994
59628
22132
28516
49799
12901
7949
16574
37031
58607
44824
19880
40582
5233
53047
56924
34680
24023
60687
45525
19050
22835
46417
28628
12749
62769
8409
48237
47549
55400
7439
64089
60846
64727
6695
45583
55178
25588
6837
45154
17398
63037
9711
10501
8946
35451
8942
48495
48397
20227
30111
2100
27808
46273
10246
56684
25584
53398
53894
35633
42236
26158
52653
5935
53879
26600
57007
24752
4907
19501
34469
42692
19962
49555
19110
49557
32038
54092
47609
16780
28646
46553
5628
4167
49539
11332
24487
25434
4556
42862
9848
10522
9150
1614
57039
16662
47372
50929
16456
3579
5148
51079
23007
21146
35353
42111
44971
152
35939
46888
65358
8897
57340
38861
49872
28613
13085
24796
26569
14821
154
20144
35075
21975
22291
29585
34044
33865
2772
16635
10825
50979
32049
33130
9814
35613
10137
57379
37132
30957
43786
20930
41825
13350
15213
6164
3458
64117
53412
59760
52642
33084
53768
7693
4324
13026
46164
2210
58894
62992
49681
39318
7336
30776
35769
41233
62602
57355
4882
60099
34880
15537
64817
45673
35335
47391
1070
45161
52788
57608
40272
3599
43048
17383
44597
47099
42877
45980
7221
48827
17294
52342
40983
12319
23159
34176
16071
13181
38959
11930
225
20040
18662
34769
28719
55599
20823
57229
14013
38623
63180
21741
12325
32867
22835
15945
52890
40637
31256
8807
58071
51536
65048
56067
25722
27661
33133
6608
36744
53849
64972
15223
39065
37840
59014
49067
60214
37140
61834
57103
45522
53409
3824
8501
42192
37139
34721
60183
27134
5741
13355
15042
18653
20155
61886
62586
34115
5687
2659
43493
15000
2021
61787
53692
16758
48183
9044
18340
12508
42801
62947
15673
24338
29128
55565
47204
23918
25139
53877
21713
33134
54280
33433
22624
58745
48606
43880
45455
59424
7971
13014
11459
39502
61410
56818
59118
4043
50588
18417
43714
61876
65250
52874
46797
40128
35352
41042
14159
5477
38572
48379
11324
3620
63863
24563
15169
33154
16597
63289
7329
7318
21069
53101
35081
4627
38266
1629
17393
21372
48628
1072
39497
36829
749
47986
19959
26738
16084
44987
56567
50484
65187
21483
41949
4230
56985
43453
57554
58245
52383
18413
49783
38711
30319
34678
46925
35504
36394
46790
13066
18281
57996
55509
16722
5013
62384
53306
64904
51903
37253
29197
30561
55110
49385
2952
36981
11
10061
32427
61951
3283
19906
30526
43001
28108
23249
63851
6522
32677
20912
61267
45780
25056
19606
35414
28006
53449
37449
37137
37164
1010
21442
47831
17776
11713
33119
22212
20086
7224
42619
58855
18005
26523
29181
24390
42215
5263
20877
18550
34595
7541
52973
1995
44599
50710
43699
7329
3097
15787
43198
43156
8871
63936
51195
47225
52672
31068
1124
30564
60546
7819
36384
16212
64532
26102
36587
52448
41879
40026
38621
37612
36578
61692
48599
52278
47468
22161
34686
55260
32162
31295
61228
14002
48143
26098
28484
3876
10879
24876
53055
1819
6881
52591
27734
64714
42322
4601
9651
19208
17838
61912
9569
53719
27825
42945
11870
37504
54251
59550
40213
54822
15479
2289
52718
14479
40709
17953
33823
40152
19017
64381
17797
47540
24575
61488
30049
9311
2571
3785
33710
18241
28119
40374
30575
41330
13635
24903
54361
51481
44911
6338
46497
39514
23012
14374
31941
35174
45294
3167
41542
26220
42496
6046
50055
55345
4578
9193
39605
7077
65347
35503
18
3830
11905
34265
46422
29359
46687
4445
36973
32411
64489
16428
39140
12241
20395
48331
65286
64616
35889
4333
7027
11662
60324
55476
13754
62698
38053
4474
61186
15341
54044
41508
22172
9689
40343
12173
53422
42423
35896
29555
46588
25192
14463
2858
34497
21285
42646
65004
31938
4002
46700
50416
31019
12226
7732
8591
44325
22709
24055
33912
55102
44935
52723
46056
40763
30025
3386
696
3231
3435
60364
3821
36359
48719
35203
12436
48835
9199
61976
37186
30960
47068
31665
9755
43915
36456
43649
20856
28866
43264
15755
58143
34993
6154
18550
9749
25272
54448
10620
3596
29481
23530
41526
52337
38689
59691
4973
51781
38062
57230
41186
26824
25751
50558
61120
62314
25868
57276
61707
53768
3059
18173
27293
34628
21498
32141
54976
7210
19556
27370
31513
52280
46964
63502
51474
39994
594
45704
23255
52874
37378
9448
8832
12619
3832
25197
36415
8910
9045
26841
50394
62963
55779
59324
54885
30792
15645
1777
2164
40484
63676
26785
53041
27163
1300
48113
45004
44398
60677
18244
10614
10899
9353
16681
57843
25083
29369
10482
3831
6112
25851
32952
24409
43233
36342
58702
17297
1543
24718
64289
15830
45198
24855
39860
1026
3574
15448
7280
31235
46698
55280
3886
30738
65001
23009
1414
38216
32001
24590
21403
51980
7061
35926
39992
18737
28733
14640
51435
41667
50385
42293
35662
4581
56721
25681
23448
47779
40863
7053
14761
62175
52761
56063
942
56708
30426
10243
42499
25142
268
33763
34330
22070
38126
61248
33562
47135
15621
19616
36370
13320
27218
15232
58940
55669
44808
60528
20150
28094
37294
54609
22657
5483
22084
5694
65376
683
53232
49872
8496
22453
35815
19462
44844
46844
33452
37865
11781
57810
36511
6344
7848
60756
2956
26982
5240
46922
39315
12628
35028
27976
11191
37846
17700
51696
30435
57282
34494
39790
61024
32410
45292
48281
44554
10322
33653
50418
46590
6811
52619
50116
26284
18954
34848
42489
15303
9078
7589
50478
55462
39006
33393
16189
54645
26928
7816
22608
43633
11924
35259
25770
8577
49070
50217
45869
61227
43222
4454
11243
20026
21635
31270
57363
36309
57875
27031
34595
35968
62172
63158
53778
48028
45337
26920
